Samples	SBS1	SBS2	SBS3	SBS4	SBS5	SBS6	SBS7a	SBS7b	SBS7c	SBS7d	SBS8	SBS9	SBS10a	SBS10b	SBS10c	SBS10d	SBS11	SBS12	SBS13	SBS14	SBS15	SBS16	SBS17a	SBS17b	SBS18	SBS19	SBS20	SBS21	SBS22a	SBS22b	SBS23	SBS24	SBS25	SBS26	SBS27	SBS28	SBS29	SBS30	SBS31	SBS32	SBS33	SBS34	SBS35	SBS36	SBS37	SBS38	SBS39	SBS40a	SBS40b	SBS40c	SBS41	SBS42	SBS43	SBS44	SBS45	SBS46	SBS47	SBS48	SBS49	SBS50	SBS51	SBS52	SBS53	SBS54	SBS55	SBS56	SBS57	SBS58	SBS59	SBS60	SBS84	SBS85	SBS86	SBS87	SBS88	SBS89	SBS90	SBS91	SBS92	SBS93	SBS94	SBS95	SBS96	SBS97	SBS98	SBS99
016_BS_GL	0	0	0	0	1147	738	0	0	0	0	0	0	0	0	0	0	0	0	0	0	0	0	0	0	0	0	0	0	0	0	0	0	0	0	0	0	0	0	535	0	0	0	0	0	0	0	0	0	0	0	0	0	0	0	0	679	0	0	0	0	0	0	0	489	0	0	0	0	0	0	0	0	0	667	0	0	0	0	0	0	0	0	0	0	0	0
017_BS_GL	119	0	0	0	1379	578	0	0	0	0	0	0	0	0	0	0	0	0	0	0	0	0	0	0	0	0	0	0	0	0	0	0	0	0	0	0	0	0	471	0	0	0	0	0	0	0	0	0	0	0	0	0	0	0	0	484	0	0	0	0	0	0	0	452	0	0	0	0	0	0	0	0	0	474	0	0	0	0	0	0	0	0	0	0	0	0
017_SU_T1-R1	2728	0	0	0	14783	0	0	0	0	0	0	0	0	0	0	0	0	0	0	0	0	0	0	0	0	0	0	0	0	0	0	0	0	0	0	0	0	0	0	0	0	0	0	0	0	0	0	0	0	0	0	0	0	0	0	0	0	0	0	0	0	0	0	1798	0	0	0	0	0	0	0	0	0	0	0	0	0	0	0	0	0	0	0	0	0	0
017_SU_T1-R2	437	0	0	0	2135	598	0	430	0	0	0	0	0	0	0	0	0	0	0	0	0	0	0	0	0	0	0	0	0	0	0	0	0	0	0	0	0	0	0	0	0	0	0	0	0	0	949	0	0	0	0	0	0	0	0	678	0	0	0	0	0	0	0	448	0	0	0	0	0	0	0	0	0	0	0	0	0	0	0	0	0	0	0	0	0	0
017_SU_T1-R3	592	0	0	0	4245	1385	0	0	0	0	0	0	0	0	0	0	0	0	0	0	0	0	0	0	0	0	0	0	0	0	0	0	0	0	0	0	0	0	1363	0	0	0	0	0	0	0	0	0	0	0	0	0	0	0	0	1210	0	0	0	0	0	0	0	1208	0	0	0	0	0	0	0	0	0	1591	0	0	0	0	0	0	0	0	0	0	0	0
017_SU_T1-R4	605	0	0	0	3725	1220	0	856	0	0	0	0	0	0	0	0	0	0	0	0	0	0	0	0	0	0	0	0	0	0	0	0	0	0	0	0	0	0	0	0	0	0	0	0	0	0	1445	0	0	0	0	0	0	0	0	1397	0	0	0	0	0	0	0	1041	0	0	0	0	0	0	0	0	0	905	0	0	0	0	0	0	0	0	0	0	0	0
018_BS_GL	152	0	0	0	1202	0	0	0	0	0	0	0	0	0	0	0	0	0	0	0	0	0	0	0	0	0	0	0	0	0	0	0	0	0	0	0	0	0	0	0	0	0	0	0	0	0	0	0	0	0	0	0	147	0	0	0	0	0	0	0	0	0	0	0	0	0	0	0	0	0	0	0	0	0	0	0	0	0	0	0	0	0	0	0	0	0
018_SU_T1-R1	498	0	0	0	3674	396	0	0	0	0	0	0	0	0	0	0	0	0	0	0	0	0	0	0	0	0	0	0	0	0	0	0	0	0	0	0	0	0	572	0	0	0	0	0	0	0	0	0	0	0	0	0	0	0	0	0	0	0	0	0	0	0	0	537	0	0	0	0	0	0	0	0	0	0	0	0	0	0	0	0	0	0	0	0	0	0
018_SU_T1-R2	1251	0	0	0	6616	0	0	0	0	0	0	0	0	0	0	0	0	0	0	0	0	0	0	0	0	0	0	0	0	0	0	0	0	0	0	0	0	0	0	0	0	0	0	0	0	0	0	0	0	0	0	0	0	0	0	0	0	0	0	0	0	0	0	829	0	0	0	0	0	0	0	0	0	0	0	0	0	0	0	0	0	0	0	0	0	0
018_SU_T1-R3	377	0	0	0	1835	451	0	373	0	0	0	0	0	0	0	0	0	0	0	0	0	0	0	0	0	0	0	0	0	0	0	0	0	0	0	0	0	0	0	0	0	0	0	0	0	0	657	0	0	0	0	0	0	0	0	734	0	0	0	0	0	0	0	382	0	0	0	0	0	0	0	0	0	0	0	0	0	0	0	0	0	0	0	0	0	0
018_SU_T1-R4	440	0	0	0	2342	396	0	0	0	0	0	0	0	0	0	0	0	0	0	0	0	0	0	0	0	0	0	0	0	0	0	0	0	0	0	0	0	0	529	0	0	0	0	0	0	0	571	0	0	0	0	0	0	0	0	0	0	0	0	0	0	0	0	476	0	0	0	0	0	0	0	0	0	0	0	0	0	0	0	0	0	0	0	0	0	0
019_BS_GL	138	0	0	0	2108	374	0	0	0	0	0	0	0	0	0	0	0	0	0	0	0	0	0	0	0	0	0	0	0	0	0	0	0	0	0	0	0	0	0	0	0	0	0	0	0	0	0	0	0	0	0	0	0	0	0	0	0	0	0	0	0	0	0	437	0	0	0	0	0	0	0	0	0	404	0	0	0	0	0	0	0	0	0	0	0	0
019_SU_T1-R1	369	0	0	0	2514	837	0	0	0	0	0	0	0	0	0	0	0	0	0	0	0	0	0	0	0	0	0	0	0	0	0	0	0	0	0	0	0	0	509	0	0	0	0	0	0	0	0	0	0	0	0	0	0	0	0	759	0	0	0	0	0	0	0	941	0	0	0	0	0	0	0	0	0	676	0	0	0	0	0	0	0	0	0	0	0	0
019_SU_T1-R2	1997	0	0	0	9483	0	0	0	0	0	0	0	0	0	0	0	0	0	0	0	0	0	0	0	0	0	0	0	0	0	0	0	0	0	0	0	0	0	0	0	0	0	0	0	0	0	0	0	0	0	0	0	0	0	0	0	0	0	0	0	0	0	0	1389	0	0	0	0	0	0	0	0	0	0	0	0	0	0	0	0	0	0	0	0	0	0
035_BS_GL	216	0	0	0	1926	692	0	0	0	0	0	0	0	0	0	0	0	0	0	0	0	0	0	0	0	0	0	0	0	0	0	0	0	0	0	0	0	0	755	0	0	0	0	0	0	0	0	0	0	0	0	0	0	0	0	904	0	0	0	0	0	0	0	777	0	0	0	0	0	0	0	0	0	764	0	0	0	0	0	0	0	0	0	0	0	0
035_SU_T1-R2	385	0	0	0	2001	1362	0	762	0	0	0	0	0	0	0	0	0	0	0	0	0	0	0	0	0	0	0	0	0	0	0	0	0	0	0	0	0	0	0	0	0	0	0	0	0	0	1372	0	0	0	0	0	0	0	0	1453	0	0	0	0	0	0	0	1416	0	0	0	0	0	0	0	0	0	1028	0	0	0	0	0	0	0	0	0	0	0	0
035_SU_T1-R3	290	0	0	0	1793	0	0	0	0	0	0	0	0	0	0	0	0	0	0	0	0	0	0	0	0	0	0	0	0	0	0	0	0	0	0	0	0	0	0	0	0	0	0	0	0	0	0	0	0	0	0	0	203	0	0	0	0	0	0	0	0	0	0	0	0	0	0	0	0	0	0	0	0	0	0	0	0	0	0	0	0	0	0	0	0	0
037_BS_GL	188	0	0	0	823	429	0	333	0	0	0	0	0	0	0	0	0	0	0	0	0	0	0	0	0	0	0	0	0	0	0	0	0	0	0	0	0	0	0	0	0	0	0	0	0	0	443	0	0	0	0	0	0	0	0	427	0	0	0	0	0	0	0	437	0	0	0	0	0	0	0	0	0	253	0	0	0	0	0	0	0	0	0	0	0	0
037_SU_T1-R1	568	0	0	0	2909	1334	0	868	0	0	0	0	0	0	0	0	0	0	0	0	0	0	0	0	0	0	0	0	0	0	0	0	0	0	0	0	0	0	0	0	0	0	0	0	0	0	1284	0	0	0	0	0	0	0	0	1162	0	0	0	0	0	0	0	1580	0	0	0	0	0	0	0	0	0	1306	0	0	0	0	0	0	0	0	0	0	0	0
037_SU_T1-R2	295	0	0	0	1592	1320	0	797	0	0	0	0	0	0	0	0	0	0	0	0	0	0	0	0	0	0	0	0	0	0	0	0	0	0	0	0	0	0	0	0	0	0	0	0	0	0	1240	0	0	0	0	0	0	0	0	1239	0	0	0	0	0	0	0	1271	0	0	0	0	0	0	0	0	0	1201	0	0	0	0	0	0	0	0	0	0	0	0
037_SU_T1-R3	237	0	0	0	2188	956	0	0	0	0	0	0	0	0	0	0	0	0	0	0	0	0	0	0	0	0	0	0	0	0	0	0	0	0	0	0	0	0	830	0	0	0	0	0	0	0	0	0	0	0	0	0	0	0	0	817	0	0	0	0	0	0	0	934	0	0	0	0	0	0	0	0	0	1137	0	0	0	0	0	0	0	0	0	0	0	0
037_SU_T1-R4	462	0	0	0	2927	1049	0	0	0	0	0	0	0	0	0	0	0	0	0	0	0	0	0	0	0	0	0	0	0	0	0	0	0	0	0	0	0	0	986	0	0	0	0	0	0	0	0	0	0	0	0	0	0	0	0	863	0	0	0	0	0	0	0	1008	0	0	0	0	0	0	0	0	0	957	0	0	0	0	0	0	0	0	0	0	0	0
037_SU_T1-R5	304	0	0	0	1832	1111	0	645	0	0	0	0	0	0	0	0	0	0	0	0	0	0	0	0	0	0	0	0	0	0	0	0	0	0	0	0	0	0	0	0	0	0	0	0	0	0	1018	0	0	0	0	0	0	0	0	894	0	0	0	0	0	0	0	1130	0	0	0	0	0	0	0	0	0	1012	0	0	0	0	0	0	0	0	0	0	0	0
038_BS_GL	343	0	0	0	1103	657	0	0	0	0	0	0	0	0	0	0	0	0	0	0	0	0	0	0	0	0	0	0	0	0	0	0	0	0	0	0	0	0	584	0	0	0	0	0	0	0	676	0	0	0	0	0	0	0	0	579	0	0	0	0	0	0	0	589	0	0	0	0	0	0	0	0	0	0	0	0	0	0	0	0	0	0	0	0	0	0
038_SU_T1-R1	88	0	0	0	1194	514	0	344	0	0	0	0	0	0	0	0	0	0	0	0	0	0	0	0	0	0	0	0	0	0	0	0	0	0	0	0	0	0	0	0	0	0	0	0	0	0	397	0	0	0	0	0	0	0	0	472	0	0	0	0	0	0	0	350	0	0	0	0	0	0	0	0	0	460	0	0	0	0	0	0	0	0	0	0	0	0
038_SU_T1-R2	218	0	0	0	693	453	0	0	0	0	0	0	0	0	0	0	0	0	0	0	0	0	0	0	0	0	0	0	0	0	0	0	0	0	0	0	0	0	401	0	0	0	0	0	0	0	492	0	0	0	0	0	0	0	0	420	0	0	0	0	0	0	0	402	0	0	0	329	0	0	0	0	0	0	0	0	0	0	0	0	0	0	0	0	0	0
056_BS_GL	237	0	0	0	1904	984	0	0	0	0	0	0	0	0	0	0	0	0	0	0	0	0	0	0	0	0	0	0	0	0	0	0	0	0	0	0	0	0	845	0	0	0	0	0	0	0	0	0	0	0	0	0	0	0	0	730	0	0	0	0	0	0	0	945	0	0	0	0	0	0	0	0	0	1099	0	0	0	0	0	0	0	0	0	0	0	0
056_SU_T1-R3	255	0	0	0	2874	1038	0	0	0	0	0	0	0	0	0	0	0	0	0	0	0	0	0	0	0	0	0	0	0	0	0	0	0	0	0	0	0	0	798	0	0	0	0	0	0	0	0	0	0	0	0	0	0	0	0	922	0	0	0	0	0	0	0	906	0	0	0	0	0	0	0	0	0	1144	0	0	0	0	0	0	0	0	0	0	0	0
057_BS_GL	113	0	0	0	1016	200	0	220	0	0	0	0	0	0	0	0	0	0	0	0	0	0	0	0	0	0	0	0	0	0	0	0	0	0	0	0	0	0	0	0	0	0	0	0	0	0	0	0	0	0	0	0	365	0	0	287	0	0	0	0	0	0	0	272	0	0	0	0	0	0	0	0	0	274	0	0	0	0	0	0	0	0	0	0	0	0
057_SU_T1-R1	475	0	0	997	3504	0	0	0	0	0	0	0	0	0	0	0	0	0	0	0	0	0	0	0	0	0	0	0	0	0	0	0	0	0	0	0	0	0	0	0	0	0	0	0	0	0	0	0	0	0	0	0	0	0	0	0	0	0	0	0	0	0	0	0	0	0	0	0	0	0	0	0	0	0	0	0	0	0	0	0	0	0	0	0	0	0
057_SU_T1-R2	737	0	0	0	6079	0	0	0	0	0	0	0	0	0	0	0	0	0	0	0	0	0	0	0	0	0	0	0	0	0	0	0	0	0	0	0	0	0	0	0	0	0	0	0	0	0	0	0	0	0	0	0	0	0	0	0	0	0	0	0	0	0	0	0	0	0	0	0	0	0	0	0	0	0	0	0	0	0	0	0	0	0	0	0	0	0
058_BS_GL	70	0	0	0	857	296	0	0	0	0	0	0	0	0	0	0	0	0	0	0	0	0	0	0	0	0	0	0	0	0	0	0	0	0	0	0	0	0	276	0	0	0	0	0	0	0	0	0	0	0	0	0	0	0	0	343	0	0	0	266	0	0	0	255	0	0	0	0	0	0	0	0	0	368	0	0	0	0	0	0	0	0	0	0	0	0
058_SU_T1-R1	490	0	0	0	4543	571	0	0	0	0	0	0	0	0	0	0	0	0	0	0	0	0	0	0	0	0	0	0	0	0	0	0	0	0	0	0	0	0	0	0	0	0	0	0	0	0	0	0	0	0	0	0	0	0	0	0	0	0	0	0	0	0	0	868	0	0	0	0	0	0	0	0	0	827	0	0	0	0	0	0	0	0	0	0	0	0
058_SU_T1-R2	1580	0	0	0	7327	0	0	0	0	0	0	0	0	0	0	0	0	0	0	0	0	0	0	0	0	0	0	0	0	0	0	0	0	0	0	0	0	0	0	0	0	0	0	0	0	0	0	0	0	0	0	0	0	0	0	0	0	0	0	0	0	0	0	1164	0	0	0	0	0	0	0	0	0	0	0	0	0	0	0	0	0	0	0	0	0	0
059_SU_T1-R1	188	0	0	0	1066	212	0	0	0	0	0	0	0	0	0	0	0	0	0	0	0	0	0	0	0	0	0	0	0	0	0	0	0	0	0	0	0	0	186	0	0	0	0	0	0	0	0	0	0	0	0	0	0	0	0	0	0	0	0	0	0	0	0	199	0	0	0	0	0	0	0	0	0	0	0	0	0	0	0	0	0	0	0	0	0	0
059_SU_T1-R2	228	0	0	0	1430	0	0	0	0	0	0	0	0	0	0	0	0	0	0	0	0	0	0	0	0	0	0	0	0	0	0	0	0	0	0	0	0	0	0	0	0	0	0	0	0	0	0	0	0	0	0	0	0	0	0	0	0	0	0	0	0	0	0	0	0	0	0	0	0	0	0	0	0	0	0	0	0	0	0	0	0	0	0	0	0	0
065_BS_GL	203	0	0	0	1461	0	0	0	0	0	0	0	0	0	0	0	0	0	0	0	0	0	0	0	0	0	0	0	0	0	0	0	0	0	0	0	0	0	0	0	0	0	0	0	0	0	0	0	0	0	0	0	175	0	0	0	0	0	0	0	0	0	0	0	0	0	0	0	0	0	0	0	0	0	0	0	0	0	0	0	0	0	0	0	0	0
065_SU_T1-R1	1952	0	0	0	11780	0	0	0	0	0	0	0	0	0	0	0	0	0	0	0	0	0	0	0	0	0	0	0	0	0	0	0	0	0	0	0	0	0	0	0	0	0	0	0	0	0	0	0	0	0	0	0	0	0	0	0	0	0	0	0	0	0	0	1178	0	0	0	0	0	0	0	0	0	0	0	0	0	0	0	0	0	0	0	0	0	0
065_SU_T1-R2	1840	0	0	0	11135	0	0	0	0	0	0	0	0	0	0	0	0	0	0	0	0	0	0	0	0	0	0	0	0	0	0	0	0	0	0	0	0	0	0	0	0	0	0	0	0	0	0	0	0	0	0	0	0	0	0	0	0	0	0	0	0	0	0	1131	0	0	0	0	0	0	0	0	0	0	0	0	0	0	0	0	0	0	0	0	0	0
065_SU_T1-R3	966	0	0	0	7091	0	0	0	0	0	0	0	0	0	0	0	0	0	0	0	0	0	0	0	0	0	0	0	0	0	0	0	0	0	0	0	0	0	0	0	0	0	0	0	0	0	0	0	0	0	0	0	0	0	0	0	0	0	0	0	0	0	0	0	0	0	0	0	0	0	0	0	0	0	0	0	0	0	0	0	0	0	0	0	0	0
065_SU_T1-R4	1229	0	0	0	9007	0	0	0	0	0	0	0	0	0	0	0	0	0	0	0	0	0	0	0	0	0	0	0	0	0	0	0	0	0	0	0	0	0	0	0	0	0	0	0	0	0	0	0	0	0	0	0	0	0	0	0	0	0	0	0	0	0	0	0	0	0	0	0	0	0	0	0	0	0	0	0	0	0	0	0	0	0	0	0	0	0
065_SU_T1-R5	1377	0	0	0	9707	0	0	0	0	0	0	0	0	0	0	0	0	0	0	0	0	0	0	0	0	0	0	0	0	0	0	0	0	0	0	0	0	0	0	0	0	0	0	0	0	0	0	0	0	0	0	0	0	0	0	0	0	0	0	0	0	0	0	0	0	0	0	0	0	0	0	0	0	0	0	0	0	0	0	0	0	0	0	0	0	0
065_SU_T1-R6	1634	0	0	0	10315	0	0	0	0	0	0	0	0	0	0	0	0	0	0	0	0	0	0	0	0	0	0	0	0	0	0	0	0	0	0	0	0	0	0	0	0	0	0	0	0	0	0	0	0	0	0	0	0	0	0	0	0	0	0	0	0	0	0	1000	0	0	0	0	0	0	0	0	0	0	0	0	0	0	0	0	0	0	0	0	0	0
065_SU_T1-R7	273	0	0	0	1571	0	0	0	0	0	0	0	0	0	0	0	0	0	0	0	0	0	0	0	0	0	0	0	0	0	0	0	0	0	0	0	0	0	179	0	0	0	0	0	0	0	353	0	0	0	0	0	0	0	0	261	0	0	0	0	0	0	0	0	0	0	0	0	0	0	0	0	0	0	0	0	0	0	0	0	0	0	0	0	0	0
066_SU_T1-R1	387	0	0	0	2445	911	0	644	0	0	0	0	0	0	0	0	0	0	0	0	0	0	0	0	0	0	0	0	0	0	0	0	0	0	0	0	0	0	0	0	0	0	0	0	0	0	799	0	0	0	0	0	0	0	0	919	0	0	0	0	0	0	0	928	0	0	0	0	0	0	0	0	0	922	0	0	0	0	0	0	0	0	0	0	0	0
066_SU_T1-R2	313	0	0	0	2130	690	0	537	0	0	0	0	0	0	0	0	0	0	0	0	0	0	0	0	0	0	0	0	0	0	0	0	0	0	0	0	0	0	0	0	0	0	0	0	0	0	725	0	0	0	0	0	0	0	0	702	0	0	0	0	0	0	0	723	0	0	0	0	0	0	0	0	0	762	0	0	0	0	0	0	0	0	0	0	0	0
080_BS_GL	106	0	0	0	1290	992	0	489	0	0	0	0	0	0	0	0	0	0	0	0	0	0	0	0	0	0	0	0	0	0	0	0	0	0	0	0	0	0	0	0	0	0	0	0	0	0	873	0	0	0	0	0	0	0	0	852	0	0	0	0	0	0	0	880	0	0	0	0	0	0	0	0	0	816	0	0	0	0	0	0	0	0	0	0	0	0
081_BS_GL	114	0	0	0	1309	204	0	0	0	0	0	0	0	0	0	0	0	0	0	0	0	0	0	0	0	0	0	0	0	0	0	0	0	0	0	0	0	0	313	0	0	0	0	0	0	0	0	0	0	0	0	0	0	0	0	0	0	0	0	0	0	0	0	255	0	0	0	0	0	0	0	0	0	233	0	0	0	0	0	0	0	0	0	0	0	0
081_SU_T1-R1	89	0	0	0	988	310	0	223	0	0	0	0	0	0	0	0	0	0	0	0	0	0	0	0	0	0	0	0	0	0	0	0	0	0	0	0	0	0	0	0	0	0	0	0	0	0	378	0	0	0	0	0	0	0	0	410	0	0	0	0	0	0	0	279	0	0	0	0	0	0	0	0	0	329	0	0	0	0	0	0	0	0	0	0	0	0
081_SU_T1-R5	376	0	0	0	2979	0	0	0	0	0	0	0	0	0	0	0	0	0	0	0	0	0	0	0	0	0	0	0	0	0	0	0	0	0	0	0	0	0	0	0	0	0	0	0	0	0	0	0	0	0	0	0	0	0	0	0	0	0	0	0	0	0	0	0	0	0	0	0	0	0	0	0	0	0	0	0	0	0	0	0	0	0	0	0	0	0
081_SU_T1-R6	145	0	0	0	1793	330	0	0	0	0	0	0	0	0	0	0	0	0	0	0	0	0	0	0	0	0	0	0	0	0	0	0	0	0	0	0	0	0	460	0	0	0	0	0	0	0	0	0	0	0	0	0	0	0	0	0	0	0	0	0	0	0	0	416	0	0	0	0	0	0	0	0	0	424	0	0	0	0	0	0	0	0	0	0	0	0
082_BS_GL	223	0	0	0	2011	250	0	0	0	0	0	0	0	0	0	0	0	0	0	0	0	0	0	0	0	0	0	0	0	0	0	0	0	0	0	0	0	0	378	0	0	0	0	0	0	0	0	0	0	0	0	0	0	0	0	0	0	0	0	0	0	0	0	328	0	0	0	352	0	0	0	0	0	518	0	0	0	0	0	0	0	0	0	0	0	0
082_SU_T1-R1	1580	0	0	0	8028	0	0	0	0	0	0	0	0	0	0	0	0	0	0	0	0	0	0	0	0	0	0	0	0	0	0	0	0	0	0	0	0	0	0	0	0	0	0	0	0	0	0	0	0	0	0	0	0	0	0	0	0	0	0	0	0	0	0	1017	0	0	0	0	0	0	0	0	0	0	0	0	0	0	0	0	0	0	0	0	0	0
082_SU_T1-R2	1093	0	0	0	6571	0	0	0	0	0	0	0	0	0	0	0	0	0	0	0	0	0	0	0	0	0	0	0	0	0	0	0	0	0	0	0	0	0	0	0	0	0	0	0	0	0	0	0	0	0	0	0	0	0	0	0	0	0	0	0	0	0	0	0	0	0	0	0	0	0	0	0	0	0	0	0	0	0	0	0	0	0	0	0	0	0
082_SU_T1-R3	475	0	0	0	3131	0	0	0	0	0	0	0	0	0	0	0	0	0	0	0	0	0	0	0	0	0	0	0	0	0	0	0	0	0	0	0	0	0	0	0	0	0	0	0	0	0	0	0	0	0	0	0	0	0	0	0	0	0	0	0	0	0	0	0	0	0	0	0	0	0	0	0	0	0	0	0	0	0	0	0	0	0	0	0	0	0
082_SU_T1-R4	1336	0	0	0	6387	0	0	0	0	0	0	0	0	0	0	0	0	0	0	0	0	0	0	0	0	0	0	0	0	0	0	0	0	0	0	0	0	0	0	0	0	0	0	0	0	0	0	0	0	0	0	0	0	0	0	0	0	0	0	0	0	0	0	763	0	0	0	0	0	0	0	0	0	0	0	0	0	0	0	0	0	0	0	0	0	0
082_SU_T1-R5	221	0	0	0	1872	0	0	0	0	0	0	0	0	0	0	0	0	0	0	0	0	0	0	0	0	0	0	0	0	0	0	0	0	0	0	0	0	0	0	0	0	0	0	0	0	0	0	0	0	0	0	0	192	0	0	0	0	0	0	0	0	0	0	193	0	0	0	0	0	0	0	0	0	227	0	0	0	0	0	0	0	0	0	0	0	0
099_BS_GL	77	0	0	0	811	831	0	431	0	0	0	0	0	0	0	0	0	0	0	0	0	0	0	0	0	0	0	0	0	0	0	0	0	0	0	0	0	0	0	0	0	0	0	0	0	0	669	0	0	0	0	0	0	0	0	562	0	0	0	0	0	0	0	673	0	0	0	0	0	0	0	0	0	652	0	0	0	0	0	0	0	0	0	0	0	0
099_SU_T1-R4	162	69	0	0	903	194	0	0	0	0	0	0	0	0	0	0	0	0	0	0	0	0	0	0	0	0	0	0	0	0	0	0	0	0	0	0	0	0	193	0	0	0	0	0	0	0	309	0	0	0	0	0	0	0	0	248	0	0	0	0	0	0	0	189	0	0	0	0	0	0	0	0	0	0	0	0	0	0	0	0	0	0	0	0	0	0
099_SU_T1-R5	97	0	0	0	627	481	0	340	0	0	0	0	0	0	0	0	0	0	0	0	0	0	0	0	0	0	0	0	0	0	0	0	0	0	0	0	0	0	0	0	0	0	0	0	0	0	517	0	0	0	0	0	0	0	0	466	0	0	0	0	0	0	0	488	0	0	0	0	0	0	0	0	0	474	0	0	0	0	0	0	0	0	0	0	0	0
099_SU_T1-R6	83	114	0	0	597	398	0	0	0	0	0	0	0	0	0	0	0	0	116	0	0	0	0	0	0	0	0	0	0	0	0	0	0	0	0	0	0	0	393	0	0	0	0	0	0	0	324	0	0	0	0	0	0	0	0	368	0	0	0	0	0	0	0	325	0	0	0	0	0	0	0	0	0	353	0	0	0	0	0	0	0	0	0	0	0	0
099_SU_T1-R7	319	0	0	0	2604	0	0	0	0	0	0	0	0	0	0	0	0	0	0	0	0	0	0	0	0	0	0	0	0	0	0	0	0	0	0	0	0	0	0	0	0	0	0	0	0	0	0	0	0	0	0	0	0	0	0	0	0	0	0	0	0	0	0	0	0	0	0	0	0	0	0	0	0	0	0	0	0	0	0	0	0	0	0	0	0	0
100_BS_GL	187	0	0	0	914	1014	0	626	0	0	0	0	0	0	0	0	0	0	0	0	0	0	0	0	0	0	0	0	0	0	0	0	0	0	0	0	0	0	0	0	0	0	0	0	0	0	917	0	0	0	0	0	0	0	0	878	0	0	0	0	0	0	0	786	0	0	0	0	0	0	0	0	0	713	0	0	0	0	0	0	0	0	0	0	0	0
100_SU_T1-R1	996	0	0	0	9136	1204	0	0	0	0	0	0	0	0	0	0	0	0	0	0	0	0	0	0	0	0	0	0	0	0	0	0	0	0	0	0	0	0	0	0	0	0	0	0	0	0	0	0	0	0	0	0	0	0	0	0	0	0	0	0	0	0	0	1805	0	0	0	0	0	0	0	0	0	1750	0	0	0	0	0	0	0	0	0	0	0	0
100_SU_T1-R2	984	0	0	0	8852	1200	0	0	0	0	0	0	0	0	0	0	0	0	0	0	0	0	0	0	0	0	0	0	0	0	0	0	0	0	0	0	0	0	0	0	0	0	0	0	0	0	0	0	0	0	0	0	0	0	0	0	0	0	0	0	0	0	0	1747	0	0	0	0	0	0	0	0	0	1989	0	0	0	0	0	0	0	0	0	0	0	0
100_SU_T1-R3	502	0	0	0	5589	618	0	0	0	0	0	0	0	0	0	0	0	0	0	0	0	0	0	0	0	0	0	0	0	0	0	0	0	0	0	0	0	0	0	0	0	0	0	0	0	0	0	0	0	0	0	0	0	0	0	0	0	0	0	0	0	0	0	915	0	0	0	0	0	0	0	0	0	1417	0	0	0	0	0	0	0	0	0	0	0	0
