MutationType	016_BS_GLfiltered	017_BS_GLfiltered	017_SU_T1-R1filtered	017_SU_T1-R2filtered	017_SU_T1-R3filtered	017_SU_T1-R4filtered	018_BS_GLfiltered	018_SU_T1-R1filtered	018_SU_T1-R2filtered	018_SU_T1-R3filtered	018_SU_T1-R4filtered	019_BS_GL	019_SU_T1-R1	019_SU_T1-R2	035_BS_GLfiltered	035_SU_T1-R2filtered	035_SU_T1-R3filtered	037_BS_GL	037_SU_T1-R1filtered	037_SU_T1-R2filtered	037_SU_T1-R3	037_SU_T1-R4	037_SU_T1-R5	038_BS_GL	038_SU_T1-R1	038_SU_T1-R2	056_BS_GLfiltered	056_SU_T1-R3filtered	057_BS_GLfiltered	057_SU_T1-R1filtered	057_SU_T1-R2filtered	058_BS_GLfiltered	058_SU_T1-R1filtered	058_SU_T1-R2filtered	059_SU_T1-R1filtered	059_SU_T1-R2filtered	065_BS_GLfiltered	065_SU_T1-R1filtered	065_SU_T1-R2filtered	065_SU_T1-R3filtered	065_SU_T1-R4filtered	065_SU_T1-R5filtered	065_SU_T1-R6filtered	065_SU_T1-R7filtered	066_SU_T1-R1filtered	066_SU_T1-R2filtered	080_BS_GLfiltered	081_BS_GLfiltered	081_SU_T1-R1filtered	081_SU_T1-R5filtered	081_SU_T1-R6filtered	082_BS_GL	082_SU_T1-R1filtered	082_SU_T1-R2filtered	082_SU_T1-R3filtered	082_SU_T1-R4filtered	082_SU_T1-R5filtered	099_BS_GLfiltered	099_SU_T1-R4filtered	099_SU_T1-R5filtered	099_SU_T1-R6filtered	099_SU_T1-R7filtered	100_BS_GLfiltered	100_SU_T1-R1filtered	100_SU_T1-R2filtered	100_SU_T1-R3filtered
A[C>A]A	33	41	142	55	108	88	17	57	60	47	47	40	75	112	46	80	24	34	102	77	55	60	70	57	41	51	59	72	22	79	88	53	70	102	17	19	11	104	100	64	77	80	93	22	98	92	42	22	28	35	31	67	83	57	43	70	29	33	24	24	31	31	35	89	78	71
A[C>A]C	20	27	143	61	93	89	6	43	53	35	38	16	61	86	41	74	14	36	101	77	62	68	64	32	35	32	61	72	21	52	72	26	60	84	16	15	22	99	97	62	80	80	88	27	83	54	46	18	33	31	25	24	71	58	36	58	30	38	15	24	23	25	39	91	101	54
A[C>A]G	11	17	66	37	48	48	2	38	46	32	34	13	28	59	19	40	7	11	47	39	31	38	38	15	17	10	33	34	8	30	41	15	21	29	13	4	5	63	50	35	49	41	50	10	30	33	28	9	11	15	14	21	44	32	23	41	15	14	12	11	10	10	33	57	54	51
A[C>A]T	13	9	92	31	53	57	2	23	39	17	23	14	22	37	20	30	8	12	35	35	31	27	22	15	16	18	20	27	9	44	53	12	22	27	7	7	5	48	45	26	39	35	42	7	35	28	15	4	13	12	13	14	34	30	15	38	14	15	5	11	9	6	9	41	60	30
A[C>G]A	45	33	174	48	86	93	10	47	76	29	38	30	40	102	41	84	22	18	98	81	60	73	72	38	30	26	47	75	20	42	61	23	57	89	16	9	15	131	113	66	89	102	112	25	72	48	61	17	31	22	32	35	88	54	28	64	20	43	18	31	28	20	61	136	130	72
A[C>G]C	23	18	94	27	63	56	4	29	40	20	18	15	38	56	34	47	16	17	65	58	42	52	47	32	20	20	47	38	9	22	14	12	31	46	2	12	10	74	72	47	57	59	60	17	43	33	29	11	15	21	14	19	64	49	22	51	17	36	12	18	15	16	32	85	83	54
A[C>G]G	24	16	84	30	75	54	3	19	36	14	29	11	31	58	23	47	8	7	50	38	27	27	28	18	15	14	26	41	12	12	29	11	34	44	7	4	6	51	48	38	42	33	43	8	35	31	25	14	16	11	9	19	40	37	15	40	10	20	11	24	11	16	26	85	73	45
A[C>G]T	36	21	114	21	65	63	3	33	56	26	32	17	28	72	35	42	11	19	67	43	44	61	39	26	23	28	44	38	15	39	34	14	35	49	12	12	13	96	101	54	73	67	95	21	41	45	40	15	16	26	14	26	49	37	26	47	15	24	13	12	16	16	26	86	71	58
A[C>T]A	70	93	473	111	245	234	43	113	214	103	101	98	148	303	132	180	75	60	235	186	163	175	170	110	70	86	148	193	47	89	157	55	156	195	53	53	38	398	395	189	228	280	350	53	170	133	136	62	60	92	81	85	225	184	84	197	46	87	47	68	71	63	147	350	324	202
A[C>T]C	70	76	296	85	181	177	25	84	129	76	67	66	110	193	83	140	25	62	161	129	113	139	138	69	56	46	104	143	41	63	81	41	109	151	30	28	22	233	234	111	161	156	203	39	120	87	110	24	47	51	44	63	162	112	36	122	35	76	41	44	48	36	97	251	240	133
A[C>T]G	154	150	888	211	537	469	55	205	413	179	200	137	293	674	242	424	108	154	529	376	309	396	353	192	150	120	318	349	100	176	241	110	334	493	91	80	73	722	659	341	423	516	630	102	357	277	241	92	106	131	138	174	515	398	172	479	110	191	79	146	122	98	271	721	713	439
A[C>T]T	63	58	369	102	196	204	24	103	155	77	71	70	132	285	84	164	48	57	177	122	117	156	143	73	65	65	97	125	45	76	104	40	143	182	38	45	28	316	310	136	207	230	276	46	122	112	103	40	49	44	55	80	205	160	84	171	45	83	48	68	42	47	104	272	260	176
A[T>A]A	13	9	62	17	31	35	8	24	32	36	26	12	27	46	19	27	12	5	26	29	15	19	18	16	16	13	21	34	11	23	27	13	24	30	9	6	9	67	53	29	45	49	57	15	32	37	19	10	10	11	14	20	27	25	16	27	8	12	9	12	15	9	12	46	44	23
A[T>A]C	17	15	93	17	33	40	6	24	35	25	21	22	24	44	20	31	12	13	36	28	23	27	30	23	11	11	25	24	12	14	32	8	23	32	10	11	9	60	55	37	41	57	51	6	26	26	21	13	20	11	17	19	33	31	16	36	12	14	12	14	13	8	16	56	52	25
A[T>A]G	17	14	86	17	39	57	9	18	44	19	15	25	27	51	18	42	14	14	48	31	39	28	26	18	23	14	24	37	12	27	41	14	28	47	11	6	8	64	70	38	47	46	66	6	35	25	26	7	12	13	15	29	44	32	19	34	12	27	10	20	15	10	24	65	70	44
A[T>A]T	8	8	54	17	35	34	8	24	28	15	19	4	25	58	15	33	16	7	36	23	23	27	29	9	14	14	13	25	12	17	19	6	26	36	4	6	3	70	57	32	33	44	50	15	18	25	14	3	7	12	12	17	33	26	14	35	11	6	3	12	8	7	15	39	46	24
A[T>C]A	79	75	444	108	178	223	36	125	183	85	83	68	117	296	113	155	54	53	202	146	122	135	127	73	89	72	112	128	59	84	107	45	126	195	35	27	44	453	415	208	254	299	374	72	146	117	101	54	75	101	79	94	226	188	82	207	68	65	51	47	36	54	86	295	279	187
A[T>C]C	37	53	231	63	144	124	18	72	108	63	47	44	61	150	66	115	22	40	125	98	73	77	77	59	45	34	70	100	22	44	71	37	92	129	23	14	18	173	153	94	117	119	140	33	91	66	82	31	54	39	40	34	147	99	39	114	31	43	29	29	26	40	56	171	173	113
A[T>C]G	129	128	708	151	347	336	46	182	314	147	136	135	248	509	197	350	52	113	395	289	222	257	284	145	102	101	227	242	88	149	200	68	273	387	58	49	57	585	562	297	377	424	541	70	253	200	222	91	90	112	115	118	362	264	115	303	95	148	78	109	89	95	182	554	532	304
A[T>C]T	49	62	398	105	168	183	38	99	162	83	72	61	120	292	94	149	55	42	168	120	97	140	126	79	67	50	90	108	50	87	119	53	145	195	40	41	44	385	368	202	227	261	347	54	129	108	101	52	53	72	63	71	189	160	55	157	33	73	43	56	38	50	71	268	293	154
A[T>G]A	11	7	67	10	23	24	14	48	57	34	45	4	15	41	23	39	8	9	32	33	19	18	21	9	9	7	19	19	36	46	50	7	22	34	5	9	2	61	57	27	36	43	54	8	24	17	14	3	11	19	17	10	29	21	7	24	9	11	5	7	10	9	18	45	39	28
A[T>G]C	18	10	51	15	25	39	5	35	49	20	20	11	13	35	24	29	4	7	19	26	23	22	21	8	8	11	17	23	15	19	27	7	18	28	7	8	9	44	36	25	33	32	33	9	20	14	17	6	10	9	12	16	26	21	12	15	3	13	9	8	4	3	16	45	35	20
A[T>G]G	23	25	100	29	44	50	12	33	38	18	20	14	19	60	27	57	11	22	44	45	36	36	36	23	18	24	33	58	15	25	37	12	34	46	10	6	8	69	70	45	51	41	66	6	27	42	37	13	19	14	11	22	44	34	9	39	6	25	14	13	18	13	25	68	73	47
A[T>G]T	12	13	80	16	26	52	9	23	29	17	12	9	10	40	14	26	6	6	40	23	19	15	19	11	12	14	13	25	9	15	30	8	33	39	4	3	7	58	52	33	32	45	47	10	25	20	20	6	10	12	16	11	33	22	7	35	12	10	9	14	4	8	10	48	52	36
C[C>A]A	18	39	148	75	130	116	8	61	50	65	51	18	50	76	42	76	17	16	80	63	50	61	64	37	23	23	44	56	13	91	113	22	45	57	11	16	9	81	82	47	59	64	70	16	59	67	30	8	22	34	23	25	70	54	40	55	27	36	14	27	24	23	51	96	87	52
C[C>A]C	33	44	163	78	147	152	13	68	69	57	70	13	43	91	56	94	13	32	136	125	102	99	87	42	26	37	77	94	20	115	117	24	47	62	14	12	18	100	108	74	84	80	103	38	89	64	58	23	24	37	31	38	101	77	41	72	28	46	21	39	29	24	74	129	123	93
C[C>A]G	25	21	119	48	98	88	9	37	61	41	34	10	28	68	38	52	8	20	76	60	64	63	50	35	29	24	40	59	10	50	49	17	43	49	13	15	5	73	72	43	53	52	55	16	43	49	42	15	15	30	31	26	75	60	31	60	27	30	13	34	26	18	40	108	100	82
C[C>A]T	27	23	111	60	94	90	7	51	60	53	38	16	24	57	25	61	9	19	75	69	56	56	54	32	22	19	38	58	11	85	84	13	37	57	8	11	10	67	61	51	61	61	62	16	39	45	41	21	22	23	28	11	54	45	34	44	19	26	9	31	14	12	29	107	92	70
C[C>G]A	21	28	94	27	71	54	10	31	46	24	25	16	32	64	45	62	11	24	45	58	32	41	39	26	17	20	50	56	14	28	36	19	38	55	5	9	7	64	53	34	41	45	63	12	38	31	32	9	16	19	20	7	45	38	20	41	16	20	7	21	14	13	46	63	72	48
C[C>G]C	35	42	154	53	104	102	12	44	65	45	39	26	47	73	66	96	18	33	106	81	67	82	82	47	33	25	63	77	30	37	50	19	88	119	9	14	19	111	96	58	90	90	104	37	66	75	71	23	18	28	31	39	110	76	43	79	26	43	16	44	24	23	68	135	123	93
C[C>G]G	33	29	110	35	72	69	10	25	47	22	27	16	37	88	42	79	15	29	78	82	51	62	56	30	35	26	65	61	14	29	46	22	47	82	11	18	14	82	78	36	62	64	67	10	51	39	37	22	21	24	16	34	61	56	30	60	21	32	19	29	19	19	50	96	105	71
C[C>G]T	38	39	126	46	100	88	13	43	68	38	36	31	39	100	42	85	14	30	88	77	63	62	62	45	41	28	55	59	12	37	50	23	66	69	14	11	18	106	100	53	86	90	97	21	46	49	73	16	36	26	30	38	100	55	33	82	29	42	14	34	21	22	49	110	122	57
C[C>T]A	92	67	348	97	214	207	16	93	147	71	77	59	118	236	103	186	44	85	227	185	129	151	148	92	84	59	111	143	50	70	119	58	129	182	27	25	40	256	254	149	179	203	236	51	129	124	122	39	60	51	66	60	220	150	53	157	60	80	33	69	64	50	130	290	278	178
C[C>T]C	115	118	449	145	299	285	32	128	234	118	118	78	141	258	162	259	45	88	286	245	190	224	190	127	100	82	183	194	82	112	168	65	189	248	42	45	53	314	303	163	228	254	282	63	192	145	187	71	75	79	110	101	240	156	73	178	47	131	47	96	90	103	194	355	359	232
C[C>T]G	268	235	1027	272	691	578	60	274	462	213	231	208	386	752	335	554	102	171	680	577	460	476	510	242	217	163	447	470	136	191	280	149	420	612	94	84	76	760	745	408	485	553	634	112	469	381	403	121	165	165	203	217	580	391	137	434	114	319	97	213	159	131	377	855	916	553
C[C>T]T	125	105	481	167	322	306	36	155	222	105	118	82	159	333	183	226	55	97	291	252	180	232	204	128	100	104	198	198	78	106	148	80	207	271	56	47	52	403	372	194	255	275	347	64	223	178	157	83	69	85	106	117	261	206	94	203	66	145	65	107	77	67	179	384	389	254
C[T>A]A	8	2	35	18	31	17	1	14	8	10	15	7	8	10	7	12	11	5	14	10	12	16	14	4	8	4	9	20	2	14	16	10	9	15	4	0	3	20	22	14	16	21	24	11	14	11	9	3	4	6	5	9	14	13	8	11	7	10	3	7	7	4	6	23	19	17
C[T>A]C	22	23	75	34	50	40	5	22	33	20	19	15	27	45	25	37	9	15	38	29	20	37	29	17	23	20	26	31	4	15	26	13	32	44	9	6	5	38	33	29	46	32	37	13	26	23	20	16	15	15	17	17	35	25	16	20	12	17	12	15	13	14	28	56	46	29
C[T>A]G	21	16	91	47	77	66	2	33	42	28	25	15	24	54	32	45	16	18	57	45	49	38	33	17	11	14	37	34	10	35	50	7	22	40	11	5	8	53	55	40	46	39	48	13	55	29	25	9	10	20	16	23	47	48	26	49	18	24	9	16	12	14	18	86	96	58
C[T>A]T	20	13	74	27	42	50	8	22	26	21	17	7	15	29	20	36	9	13	30	23	30	26	29	22	14	16	17	23	5	32	39	13	21	37	8	5	6	50	43	27	45	32	52	12	27	14	10	16	13	11	10	16	33	27	17	24	8	16	9	9	7	14	17	48	42	22
C[T>C]A	55	50	248	75	137	133	20	61	89	49	63	43	85	163	74	135	30	41	131	90	84	101	92	55	45	45	87	92	34	54	73	28	101	134	20	15	16	209	181	115	137	180	185	37	89	73	72	28	36	52	34	45	139	94	32	98	23	53	32	41	35	35	54	183	162	101
C[T>C]C	123	92	333	98	193	194	35	122	173	123	109	69	144	217	167	254	60	64	190	187	147	155	153	89	81	78	136	159	98	104	161	58	136	178	33	36	39	254	245	124	194	177	183	46	145	109	128	57	70	52	67	91	223	145	74	150	62	85	55	65	53	63	120	269	281	179
C[T>C]G	179	163	707	190	438	396	39	183	325	153	167	140	319	497	266	420	55	144	490	399	314	338	353	208	139	127	292	314	102	130	212	109	295	396	74	55	64	489	477	272	349	361	438	84	313	250	291	80	108	111	124	122	392	268	110	300	74	213	79	156	107	103	232	589	574	334
C[T>C]T	82	72	371	100	183	205	28	116	136	97	82	61	124	241	112	161	38	51	182	167	132	140	131	79	63	69	113	136	51	69	115	45	129	173	24	31	42	290	263	143	194	197	256	42	136	105	135	39	45	54	57	60	198	131	63	150	41	63	38	69	53	56	107	265	283	159
C[T>G]A	3	5	34	10	17	15	3	15	19	4	7	3	9	24	10	20	2	5	16	13	12	18	14	4	8	2	8	14	3	14	18	4	11	19	4	4	3	29	29	13	25	23	28	3	15	12	10	4	2	8	9	6	16	9	9	14	3	5	5	2	2	1	9	26	29	15
C[T>G]C	20	23	84	24	49	52	8	27	40	25	21	13	40	65	32	56	15	15	56	45	40	50	37	21	23	11	37	42	16	16	26	14	29	47	7	9	10	60	64	34	36	34	49	12	38	27	36	10	19	18	21	14	49	31	15	26	9	19	9	20	20	17	40	75	69	36
C[T>G]G	23	21	116	32	57	62	13	41	55	35	22	24	44	78	36	60	14	24	81	70	43	67	68	24	17	19	39	45	24	34	44	16	42	68	21	16	10	68	73	44	45	50	55	14	37	35	36	7	11	14	18	33	52	35	23	48	15	31	16	31	34	21	49	74	78	59
C[T>G]T	14	10	65	20	43	35	3	19	18	16	20	14	12	47	20	32	9	11	45	33	22	26	28	21	15	12	19	24	7	15	29	12	28	43	6	6	7	72	65	28	46	47	57	5	30	22	24	7	12	12	15	16	46	27	17	42	9	17	11	8	9	15	16	52	63	32
G[C>A]A	22	30	134	60	107	114	10	50	57	38	36	40	44	88	34	76	15	34	81	74	70	53	61	41	27	30	60	77	30	58	61	24	57	76	13	14	12	85	79	62	62	65	68	20	68	68	39	18	18	27	22	44	77	58	40	52	31	32	14	17	35	23	43	94	98	75
G[C>A]C	35	33	120	51	109	92	6	55	65	42	44	17	56	83	60	72	16	27	115	94	84	70	84	27	15	20	52	56	13	66	67	13	52	59	11	11	14	91	69	58	64	60	73	17	49	42	56	18	18	29	32	25	78	58	31	59	21	29	16	30	19	27	51	107	96	64
G[C>A]G	26	19	118	37	77	82	6	42	47	35	31	16	45	67	34	53	8	24	76	62	57	60	50	23	29	19	46	43	10	43	53	15	42	62	10	11	14	83	73	51	65	79	83	20	54	46	36	11	22	31	30	20	67	52	19	46	16	26	7	16	18	22	34	106	111	65
G[C>A]T	20	13	71	30	51	58	6	18	35	8	17	12	21	52	21	37	8	16	62	47	36	37	34	27	17	21	30	37	6	38	46	9	24	35	7	6	8	53	51	23	41	35	44	5	28	20	26	9	16	21	14	12	47	30	22	34	19	17	8	12	17	12	17	74	67	35
G[C>G]A	22	20	106	23	73	61	6	35	39	17	23	15	30	64	23	49	16	32	61	51	41	37	41	34	23	16	45	53	28	31	46	27	39	51	13	9	12	78	66	43	47	61	69	18	50	39	28	9	14	23	19	22	57	47	27	36	19	25	15	22	13	13	47	113	89	65
G[C>G]C	35	30	119	47	72	78	10	33	56	27	25	28	32	71	40	67	16	25	80	55	48	58	70	28	28	22	51	42	10	33	40	14	44	70	12	7	19	83	73	47	50	61	71	14	49	38	50	15	16	17	24	26	77	50	23	55	16	34	17	24	19	13	38	100	108	56
G[C>G]G	48	26	116	42	85	65	13	52	62	47	57	27	47	50	69	90	38	27	64	79	48	58	54	37	28	31	56	68	43	40	49	23	53	66	12	7	6	79	74	52	58	57	62	11	71	51	35	11	16	26	29	36	77	54	27	56	24	41	19	24	22	32	48	105	102	58
G[C>G]T	25	25	112	25	72	61	6	32	42	23	14	19	35	68	36	60	9	13	75	53	38	53	55	26	15	25	36	35	7	21	46	10	31	55	7	7	3	89	64	41	56	59	68	21	35	31	51	11	29	18	22	24	53	29	12	38	12	28	7	19	14	17	35	77	84	52
G[C>T]A	71	58	245	82	175	150	16	77	123	73	64	60	95	188	83	147	36	53	172	115	100	124	122	55	64	47	95	114	35	61	78	30	104	126	37	21	30	224	204	133	149	170	214	45	105	83	115	37	41	40	56	59	153	103	51	117	31	74	30	36	39	38	105	219	176	109
G[C>T]C	108	70	357	111	212	228	23	114	160	96	100	66	124	236	111	215	26	74	213	179	130	157	164	106	96	56	147	183	48	67	97	57	149	201	37	31	24	249	241	114	176	172	208	48	167	121	122	43	54	52	76	66	197	140	53	143	41	112	41	85	66	59	122	275	271	179
G[C>T]G	185	191	771	224	499	468	50	199	339	176	172	145	320	539	234	413	77	143	461	415	310	375	343	222	155	156	302	314	88	126	199	99	313	423	93	63	70	525	519	268	382	373	425	78	324	266	265	97	111	99	138	143	431	282	135	330	90	220	88	142	107	111	276	613	642	321
G[C>T]T	78	75	324	92	193	164	19	101	135	60	79	57	121	204	103	164	25	53	179	128	113	160	127	75	59	60	120	119	37	69	87	48	90	152	32	25	31	246	227	137	166	187	208	37	138	113	112	47	52	43	44	67	192	128	62	136	45	83	35	50	51	38	103	253	251	155
G[T>A]A	6	5	40	13	21	24	3	6	16	5	8	8	10	17	10	21	7	5	12	13	9	19	8	1	6	2	11	13	8	21	14	5	9	13	9	4	5	20	20	11	13	24	18	3	9	10	7	3	7	9	3	9	16	14	10	18	11	8	6	6	4	4	14	20	21	14
G[T>A]C	9	11	51	14	30	29	8	20	18	16	13	10	16	27	18	27	9	11	23	22	22	26	17	9	6	5	17	22	6	19	33	5	22	29	6	4	5	26	26	25	24	24	25	6	24	17	19	8	9	11	13	7	28	15	10	22	7	10	6	13	5	6	10	34	33	18
G[T>A]G	18	17	81	31	48	43	8	26	28	32	24	19	33	38	27	39	15	19	44	36	29	33	30	16	19	13	25	49	9	29	33	17	36	32	13	7	7	38	40	30	38	44	36	12	37	29	26	13	15	15	15	15	35	31	13	24	12	34	11	19	19	13	32	44	37	35
G[T>A]T	12	10	55	14	28	31	4	22	26	12	13	8	24	51	22	25	2	9	30	24	23	22	17	3	10	12	18	23	8	13	25	7	19	32	6	4	6	53	50	29	40	37	55	10	18	15	18	6	4	13	13	15	42	19	12	30	10	9	7	8	10	11	14	39	49	36
G[T>C]A	42	36	219	42	102	95	11	61	103	50	51	32	57	133	50	95	22	40	104	85	55	87	68	47	35	28	63	88	33	42	71	25	76	109	12	11	14	152	148	95	110	123	149	21	61	66	53	26	31	32	34	43	116	90	40	102	24	34	23	25	37	31	60	151	138	91
G[T>C]C	54	41	224	61	142	150	11	55	96	54	59	37	75	157	77	108	24	52	129	110	83	95	98	51	40	34	86	90	37	54	82	34	100	128	22	19	18	162	159	77	102	104	126	28	96	80	68	31	35	31	36	39	122	96	39	108	33	67	22	41	45	43	78	174	194	84
G[T>C]G	110	105	458	121	287	256	29	122	213	110	95	113	207	366	184	306	46	84	329	262	204	264	232	139	88	117	211	237	64	88	133	66	203	281	41	42	45	361	320	176	217	251	267	47	230	186	161	57	75	70	107	87	278	202	81	198	61	141	46	109	79	90	208	418	405	226
G[T>C]T	56	31	254	52	125	121	25	61	111	43	47	33	83	174	84	115	24	34	111	104	68	91	84	65	46	33	71	87	31	45	62	36	91	123	15	22	20	207	177	107	139	154	174	25	103	90	71	29	36	49	45	54	132	100	42	114	35	57	29	36	33	33	71	210	196	122
G[T>G]A	6	13	56	17	42	42	11	18	29	17	13	6	15	38	19	31	7	10	31	24	24	23	28	16	12	7	19	22	14	21	24	4	16	20	2	3	10	34	34	37	40	39	36	13	26	22	24	6	11	11	9	7	30	20	8	24	6	12	10	7	10	11	16	32	38	23
G[T>G]C	17	14	80	33	47	45	8	18	30	15	15	7	22	46	25	30	5	13	39	29	20	24	29	16	17	16	28	29	9	18	27	5	19	30	7	6	11	54	53	43	32	40	45	8	42	23	27	9	8	5	15	11	47	23	11	32	8	23	6	11	7	10	19	54	59	42
G[T>G]G	91	64	168	73	121	111	41	98	99	94	89	50	62	83	119	154	57	31	83	75	73	82	83	55	42	44	72	90	102	71	111	33	53	77	15	9	53	126	139	103	120	99	98	40	79	47	86	36	48	38	49	50	131	72	51	75	51	53	30	26	40	46	59	103	107	65
G[T>G]T	13	22	101	23	46	55	8	28	29	20	15	21	22	49	35	60	4	12	50	44	33	38	38	10	22	6	35	37	9	20	32	11	42	52	7	5	15	92	77	42	60	58	74	16	33	37	47	10	19	17	10	13	40	31	19	37	16	20	12	11	11	16	36	58	58	38
T[C>A]A	16	19	83	50	76	61	3	22	37	32	26	16	24	47	19	40	10	8	40	34	29	38	39	13	15	11	17	34	6	53	56	10	31	36	7	4	5	55	59	35	48	54	48	20	46	43	27	7	23	29	17	20	44	35	25	40	26	16	8	14	14	15	25	67	59	44
T[C>A]C	23	14	105	52	80	77	6	44	45	37	38	18	34	57	35	45	14	14	55	60	44	51	55	18	9	13	27	50	16	61	76	11	35	47	12	6	16	79	90	53	67	70	71	22	44	40	35	11	15	17	14	32	85	57	42	62	29	30	15	14	18	22	37	88	77	38
T[C>A]G	5	10	42	14	33	18	1	19	19	23	16	5	13	32	16	20	6	6	30	28	23	24	15	6	4	7	14	17	5	15	18	6	9	15	1	3	4	26	22	14	22	24	21	5	21	16	11	7	7	8	5	6	32	28	15	25	14	10	7	10	7	5	12	22	26	17
T[C>A]T	22	27	124	44	84	82	10	30	53	30	29	18	45	69	30	50	20	19	59	61	46	47	38	22	21	18	34	43	19	55	61	15	40	52	9	14	14	71	67	52	63	68	70	19	32	32	33	13	19	29	29	17	45	39	17	36	18	17	25	18	24	22	22	84	74	44
T[C>G]A	17	23	141	50	84	85	11	34	52	32	34	16	47	72	42	56	30	23	54	51	34	43	54	27	22	26	45	57	14	36	47	19	43	54	10	8	11	117	106	82	115	120	121	28	57	33	42	10	28	36	24	23	59	51	32	59	26	28	30	22	57	31	42	77	81	49
T[C>G]C	21	30	155	51	75	78	5	44	58	34	29	21	38	83	45	81	10	22	81	56	55	59	48	34	29	25	53	55	13	37	61	19	55	63	12	14	16	94	92	60	80	89	91	42	49	47	24	18	22	18	28	30	71	45	26	55	23	50	22	27	25	33	36	110	110	50
T[C>G]G	9	14	62	19	39	33	9	15	24	10	13	10	22	41	20	22	7	9	37	25	28	26	28	16	21	10	18	27	10	19	33	13	18	43	5	8	7	50	46	29	34	39	45	11	33	26	22	10	11	8	7	10	44	28	11	31	11	16	6	17	15	14	24	60	80	39
T[C>G]T	36	37	230	81	130	145	17	47	86	49	50	24	70	115	54	85	32	26	103	89	67	76	84	50	32	37	64	72	24	68	100	30	55	96	18	22	22	175	154	125	152	158	151	47	84	71	66	24	33	40	32	58	100	72	36	80	42	41	40	36	72	52	55	147	141	107
T[C>T]A	56	50	283	80	184	178	22	69	128	64	76	56	110	198	59	107	30	47	147	109	79	104	102	47	51	49	75	129	30	82	100	39	101	138	31	30	24	229	209	133	179	189	208	55	105	96	80	38	27	51	41	64	143	90	29	113	39	65	58	49	78	56	96	207	196	107
T[C>T]C	100	80	349	104	205	239	34	133	183	113	98	72	113	236	121	181	55	71	207	177	121	157	174	84	94	65	116	167	58	98	136	63	163	195	52	30	40	266	250	151	193	209	246	56	160	142	110	56	70	58	70	75	218	153	70	158	47	92	46	73	54	66	133	300	298	168
T[C>T]G	92	84	529	134	314	260	36	111	223	111	87	96	186	367	136	219	52	79	264	214	171	206	210	91	83	76	170	183	62	75	135	60	215	285	34	40	42	388	353	198	253	269	328	56	212	176	159	65	62	77	71	102	265	199	81	223	51	106	55	90	88	69	133	384	393	237
T[C>T]T	58	64	357	97	197	199	39	95	158	100	66	100	131	273	82	159	43	68	204	137	120	143	133	70	98	95	103	138	38	84	114	86	139	168	32	34	30	296	281	177	209	249	275	42	210	178	82	42	63	49	75	133	186	144	74	162	54	89	51	63	73	59	93	238	207	151
T[T>A]A	10	14	68	26	42	41	9	19	36	9	20	15	20	48	15	31	18	14	37	22	17	15	27	12	21	13	16	24	6	20	27	8	14	30	11	7	10	67	63	37	40	51	62	16	17	35	17	12	17	24	17	25	34	28	20	46	17	11	3	7	13	10	18	47	44	32
T[T>A]C	9	8	49	13	26	21	1	15	14	10	10	5	14	26	5	17	7	4	14	13	10	9	6	8	11	10	10	5	4	14	17	1	20	25	4	4	3	37	30	15	25	24	24	7	12	12	9	2	6	8	5	6	22	19	12	20	8	8	9	8	3	8	7	31	23	16
T[T>A]G	11	6	49	14	33	21	6	12	13	10	6	4	10	28	8	18	8	6	18	17	11	14	17	10	5	9	14	17	3	15	21	4	13	26	2	2	1	38	33	20	24	29	29	5	15	15	13	5	7	13	7	10	15	17	8	21	7	16	4	7	11	7	9	27	24	17
T[T>A]T	15	9	69	17	42	31	7	21	29	14	16	10	25	39	28	23	15	10	28	17	5	9	18	15	19	13	14	21	6	19	20	3	18	30	6	3	5	53	53	31	39	49	48	10	26	18	17	8	5	17	11	14	35	27	6	23	8	10	3	8	5	6	7	42	42	24
T[T>C]A	39	35	189	41	74	87	20	52	87	46	50	24	63	139	55	92	24	32	97	72	62	66	58	38	41	35	50	59	28	51	70	24	78	104	18	17	20	215	194	82	118	129	186	34	90	57	54	26	25	38	41	41	112	74	35	103	36	38	20	30	26	31	47	165	175	90
T[T>C]C	56	60	237	73	128	153	25	55	120	60	76	43	78	154	78	126	33	38	120	97	83	94	84	60	55	46	82	95	40	54	77	46	89	136	23	22	24	191	193	106	135	139	171	33	93	66	64	46	46	45	59	54	130	99	33	105	35	64	28	51	39	26	84	171	196	134
T[T>C]G	62	53	314	82	184	175	24	79	135	57	62	60	111	213	105	176	26	53	174	133	107	119	108	63	63	46	100	134	39	64	89	47	120	166	29	19	22	251	234	136	169	190	201	30	131	105	101	40	46	48	53	41	169	114	64	145	36	69	23	47	43	29	93	266	245	132
T[T>C]T	57	41	270	74	134	156	20	64	121	61	57	33	71	178	71	101	30	36	109	89	61	83	82	45	38	33	54	72	30	66	80	29	87	127	20	20	30	223	235	129	142	172	197	47	104	88	66	36	39	50	64	64	155	107	52	118	36	54	32	40	30	44	57	179	182	127
T[T>G]A	10	12	69	10	24	25	23	49	42	40	39	7	19	45	19	27	10	9	24	21	20	18	18	14	7	5	19	21	20	39	39	12	23	26	5	4	5	61	62	22	34	40	49	10	19	23	21	9	8	13	13	14	32	20	10	23	2	12	6	11	11	9	8	50	49	31
T[T>G]C	18	8	81	15	48	54	16	62	79	55	52	12	25	61	40	52	14	12	41	31	22	34	28	20	19	9	25	32	37	41	56	13	33	45	9	7	14	66	70	38	46	66	64	17	25	28	23	10	15	20	22	21	48	36	16	47	22	16	14	10	10	13	30	77	79	54
T[T>G]G	11	20	92	24	36	41	5	19	41	17	20	14	42	46	25	41	20	8	51	36	16	30	28	18	17	9	38	36	12	19	28	9	42	59	9	9	7	57	61	39	50	35	47	16	35	30	38	11	10	16	16	14	53	34	20	38	13	22	13	23	6	14	15	75	73	37
T[T>G]T	18	22	110	30	56	82	20	38	64	35	35	16	31	88	38	53	9	10	57	49	36	47	30	27	19	20	31	32	26	40	35	17	47	57	10	14	15	122	120	60	68	83	100	17	38	38	43	18	13	26	23	39	71	56	20	66	19	27	14	21	14	11	22	66	85	54
